0.0007803 0.0014033 0.0001656 0.0001398 9.48e-05 4.17e-05 1.81e-05 4e-06 1.4e-06 
0.0014033 0.0077102 0.0016934 0.0010592 0.0005185 0.0001968 9.02e-05 2.24e-05 7.5e-06 
0.0001656 0.0016934 0.0011912 0.0006337 0.0002988 0.0001055 4.84e-05 1.38e-05 5.7e-06 
0.0001398 0.0010592 0.0006337 0.0008985 0.0003508 0.0001187 4.51e-05 1.09e-05 5.2e-06 
9.48e-05 0.0005185 0.0002988 0.0003508 0.0004187 0.0001104 3.65e-05 6.6e-06 2.8e-06 
4.17e-05 0.0001968 0.0001055 0.0001187 0.0001104 0.0001744 4.1e-05 9e-06 1.6e-06 
1.81e-05 9.02e-05 4.84e-05 4.51e-05 3.65e-05 4.1e-05 8.98e-05 1.6e-05 3.1e-06 
4e-06 2.24e-05 1.38e-05 1.09e-05 6.6e-06 9e-06 1.6e-05 3.26e-05 5.4e-06 
1.4e-06 7.5e-06 5.7e-06 5.2e-06 2.8e-06 1.6e-06 3.1e-06 5.4e-06 7e-06 
