0.000966 0.0013858 -4.18e-05 7.49e-05 8.35e-05 4.68e-05 2.49e-05 1.21e-05 5.8e-06 
0.0013858 0.0037297 0.0010112 0.0008641 0.0005755 0.0002781 0.0001472 7.21e-05 3.47e-05 
-4.18e-05 0.0010112 0.0006594 0.0004378 0.0002607 0.0001148 5.78e-05 2.79e-05 1.4e-05 
7.49e-05 0.0008641 0.0004378 0.0005827 0.0002926 0.0001208 5.68e-05 2.7e-05 1.36e-05 
8.35e-05 0.0005755 0.0002607 0.0002926 0.0003194 0.0001052 4.56e-05 1.94e-05 9.2e-06 
4.68e-05 0.0002781 0.0001148 0.0001208 0.0001052 0.0001256 4.11e-05 1.35e-05 4.4e-06 
2.49e-05 0.0001472 5.78e-05 5.68e-05 4.56e-05 4.11e-05 5.88e-05 1.38e-05 4.1e-06 
1.21e-05 7.21e-05 2.79e-05 2.7e-05 1.94e-05 1.35e-05 1.38e-05 2.07e-05 5.1e-06 
5.8e-06 3.47e-05 1.4e-05 1.36e-05 9.2e-06 4.4e-06 4.1e-06 5.1e-06 7.9e-06 
